image: roomWithObstacleCartographer.pgm
resolution: 0.050000
origin: [-1.628532, -1.844454, 0.000000]
negate: 0
occupied_thresh: 0.65
free_thresh: 0.196

